0 1 124.7
1 0 124.7
0 2 349.7
2 0 349.7
0 4 7654.6
4 0 7654.6
1 5 4524.92
5 1 4524.92
2 8 5423.94
8 2 5423.94
3 4 6143.67
4 3 6143.67
3 5 1641.08
5 3 1641.08
3 6 8107.6
6 3 8107.6
3 9 6951.41
9 3 6951.41
4 6 743.87
6 4 743.87
4 7 534.21
7 4 534.21
5 9 23451.6
9 5 23451.6
6 7 2008.53
7 6 2008.53
7 8 1245.34
8 7 1245.34
